385
548
215
348
501
382
105
649
298
101
582
697
610
576
386
273
380
84
613
195
498
25
745
228
650
125
705
215
131
214
335
331
683
250
384
35
137
5
229
68
205
180
167
408
667
750
666
365
645
160
741
192
380
600
339
117
96
504
567
506
671
537
556
549
380
293
736
542
696
300
338
567
683
125
328
543
143
351
462
240
361
27
251
357
490
39
196
233
88
184
632
305
315
214
302
742
273
507
290
622
490
588
732
550
272
526
47
13
331
246
448
560
652
405
397
75
639
504
554
147
621
155
520
104
324
494
214
164
525
487
340
459
358
664
530
739
591
604
260
603
354
629
304
474
211
466
15
481
306
412
586
664
456
687
575
638
360
34
98
515
361
65
582
673
39
254
643
88
82
370
550
342
368
658
207
289
481
579
240
147
197
372
407
77
736
120
317
496
706
716
740
233
207
567
392
436
69
561
573
240
297
710
335
718
27
255
519
376
97
422
597
403
437
624
531
359
432
7
343
418
228
407
312
518
588
48
82
247
364
698
172
565
627
365
113
622
326
315
575
150
327
279
111
604
545
164
666
686
592
712
627
319
417
56
92
123
27
666
56
457
52
583
545
180
114
707
153
604
145
709
501
373
186
488
368
684
355
705
384
20
397
463
487
748
640
121
129
557
732
85
268
82
618
494
702
132
363
409
353
576
679
180
49
229
671
185
353
643
132
674
572
282
5
458
712
140
739
661
464
461
668
372
156
726
35
366
662
129
227
486
40
474
704
340
526
575
448
25
179
520
137
54
147
101
570
240
413
631
538
627
377
652
476
507
655
401
122
596
367
34
338
708
170
510
6
371
750
655
145
626
638
457
738
157
741
730
20
65
139
670
33
675
674
348
132
214
367
299
559
656
160
721
731
420
40
655
666
702
726
488
663
667
137
399
442
690
235
301
261
252
396
165
69
246
743
60
445
390
262
491
186
734
399
115
43
309
42
723
415
134
522
25
118
700
82
205
527
540
213
579
188
524
123
304
82
734
22
353
437
66
634
312
665
215
412
111
696
238
283
631
401
581
409
721
524
561
227
463
611
439
722
125
427
680
196
298
36
181
3
162
38
204
465
581
721
382
704
274
265
286
51
612
353
468
670
722
178
174
419
273
591
644
41
607
407
42
567
651
192
618
93
33
342
572
11
368
105
17
564
413
120
718
449
401
28
617
14
750
646
123
414
144
251
649
678
329
162
36
479
622
369
364
637
184
241
416
547
488
602
168
477
267
576
644
436
131
412
442
401
476
249
440
154
540
317
64
178
749
717
468
690
531
260
574
494
522
570
129
467
203
64
241
18
169
429
634
593
200
488
716
705
362
290
611
1
357
232
239
654
354
278
699
481
79
703
442
535
255
674
301
36
246
690
329
519
162
222
455
498
155
291
112
618
682
323
253
230
227
110
31
29
605
492
734
194
540
264
657
414
229
75
653
440
296
237
586
463
140
170
387
272
720
195
333
25
238
105
546
104
639
230
324
37
224
59
321
132
325
374
464
571
473
111
661
595
523
6
493
711
146
514
284
337
392
328
327
167
166
204
503
267
608
73
560
86
3
660
455
259
674
12
592
632
565
436
547
58
719
322
475
356
290
659
551
430
659
654
661
185
654
192
322
566
283
146
491
688
615
14
742
171
339
301
624
309
226
511
613
547
473
342
451
542
653
36
241
217
242
528
488
262
697
499
462
41
480
565
325
647
473
364
331
611
58
467
430
299
704
727
246
675
417
430
10
676
559
635
279
604
449
246
297
478
169
322
564
234
640
18
675
502
165
389
148
257
668
135
582
683
595
299
78
575
187
318
14
425
111
223
666
28
619
604
324
739
379
449
295
506
677
346
267
347
488
582
250
441
161
733
280
602
149
477
738
506
487
688
672
431
307
98
111
722
398
690
451
542
2
396
692
242
200
385
295
372
379
728
393
330
317
447
638
74
607
749
223
10
141
651
388
180
655
460
750
48
197
115
323
229
572
299
336
340
659
742
721
540
332
547
351
216
617
183
84
442
663
702
485
422
206
484
272
525
551
639
555
10
151
345
464
333
300
213
568
429
316
326
32
575
519
413
532
687
409
128
227
180
544
246
287
420
81
7
543
106
44
484
237
529
393
105
631
696
744
335
710
121
239
394
254
404
546
12
317
22
710
14
486
701
368
691
111
357
69
42
628
416
495
167
672
590
404
355
354
296
186
535
604
322
499
53
472
516
678
403
403
14
648
598
612
198
703
294
385
178
626
382
742
462
282
565
129
259
709
576
387
322
532
284
420
118
534
370
160
187
594
300
283
591
176
513
498
520
260
374
189
442
629
113
593
237
45
453
127
177
462
51
191
510
152
546
713
687
350
665
134
290
542
406
408
118
448
71
34
109
493
498
29
15
305
335
750
389
485
176
465
182
248
444
169
261
576
197
205
459
395
535
207
587
461
581
331
541
709
600
512
468
20
408
679
104
455
320
654
170
703
603
679
687
588
520
581
300
479
512
11
385
552
374
250
584
707
144
238
54
673
354
482
703
598
258
45
605
511
648
91
524
301
590
414
743
745
576
466
737
557
67
191
560
99
633
257
518
534
498
700
374
482
260
324
334
472
671
506
451
424
495
353
403
704
669
250
659
306
739
473
75
603
426
595
241
48
230
466
98
676
595
731
700
11
243
26
329
238
712
243
204
597
744
369
452
568
124
376
232
672
501
261
639
490
218
736
24
119
503
327
274
564
185
92
655
212
523
389
583
692
591
584
463
81
539
312
230
302
666
203
555
413
39
466
713
401
210
620
173
747
602
306
676
33
225
655
319
266
706
246
310
507
422
734
139
338
87
237
720
239
572
98
32
259
543
253
346
367
348
17
731
125
599
14
63
18
300
24
695
641
366
231
245
107
34
135
396
368
422
618
181
494
259
204
164
192
373
467
59
202
591
470
433
368
363
72
260
372
627
176
639
134
441
416
631
178
614
242
559
189
597
355
390
389
616
463
746
608
537
473
430
326
242
647
117
689
28
19
218
275
376
635
210
700
478
144
99
434
556
140
204
730
354
270
584
145
150
45
497
199
303
436
23
241
340
667
563
719
612
117
663
309
636
510
197
200
333
334
420
579
473
87
100
452
347
687
729
717
26
470
695
687
295
745
652
332
148
339
714
329
496
97
41
542
710
454
187
299
21
121
320
376
280
512
334
375
467
695
455
210
174
682
249
721
715
177
743
687
709
87
710
277
634
147
563
548
414
237
648
730
377
408
174
689
188
678
590
259
158
279
702
335
213
511
512
50
338
624
179
438
220
529
601
600
113
332
237
293
30
654
688
212
284
602
380
143
728
354
459
178
75
326
601
720
692
22
387
616
458
326
89
444
593
67
710
249
353
345
473
197
469
151
704
582
366
661
247
156
266
209
170
191
459
456
412
482
189
505
255
551
324
735
739
413
245
138
569
419
142
210
341
716
527
589
746
482
241
665
191
602
626
148
547
436
175
583
141
652
717
664
745
41
33
267
163
412
368
523
208
56
276
358
654
522
350
571
571
538
404
363
636
447
193
416
685
182
132
341
38
509
517
649
522
741
152
437
391
227
243
184
740
434
699
86
460
711
244
493
730
564
11
270
199
686
742
600
503
331
383
334
489
248
712
233
418
526
153
571
600
482
400
74
638
605
619
425
550
340
531
449
310
187
380
580
296
517
198
15
171
722
723
697
86
406
210
86
185
420
577
181
646
287
439
645
487
590
406
199
661
87
735
201
629
361
385
382
544
712
57
216
562
32
67
83
494
373
686
285
462
727
87
505
186
660
558
495
165
624
461
719
496
684
126
408
635
110
486
629
603
215
139
16
741
203
307
536
578
456
489
542
156
475
52
122
12
221
373
593
157
16
270
706
266
208
264
700
333
745
151
68
152
568
487
519
506
654
244
123
639
448
153
231
681
625
155
684
690
703
61
692
139
319
30
284
184
542
26
449
172
646
389
310
186
222
407
592
45
11
149
481
426
445
746
722
511
267
233
67
25
495
12
554
727
498
510
116
273
333
596
34
310
16
581
353
385
468
169
750
287
552
583
259
451
747
410
442
620
52
582
268
387
506
607
602
469
255
405
376
362
649
57
641
206
419
744
160
96
115
145
610
248
536
501
630
227
584
246
388
542
576
471
596
7
458
34
517
684
731
310
211
73
349
688
149
100
31
318
335
266
164
397
81
503
362
371
295
116
298
435
344
202
332
735
112
198
623
723
596
343
288
50
696
475
714
723
46
499
12
456
215
375
696
484
705
296
9
530
35
481
584
732
705
83
738
288
564
215
277
62
460
472
517
671
146
590
261
146
133
628
458
84
555
481
733
324
37
253
243
422
240
514
644
495
474
386
640
221
649
101
518
241
289
129
672
665
20
534
360
13
498
311
81
82
746
510
645
191
249
134
231
688
749
430
58
327
534
616
356
627
167
698
241
717
187
741
578
498
553
616
377
304
386
317
454
347
666
289
548
524
83
76
405
370
722
712
653
89
282
324
60
18
518
313
87
672
268
635
112
748
296
47
242
360
36
629
378
19
590
743
60
191
713
374
415
316
358
152
505
559
587
159
388
609
67
654
409
159
580
316
249
295
451
100
722
523
311
226
624
184
469
269
741
541
400
596
659
111
723
696
523
113
562
193
661
648
483
300
373
699
630
523
81
93
672
501
269
689
19
373
393
517
200
224
599
135
364
66
313
504
488
500
351
461
438
228
124
225
202
596
304
585
42
73
26
148
670
590
488
544
491
326
71
413
526
602
286
352
119
173
672
487
718
121
607
20
410
231
260
143
316
167
407
651
71
17
610
511
335
238
575
233
594
729
394
186
397
127
413
308
511
146
400
51
345
435
261
284
40
101
450
235
407
495
303
87
539
462
60
742
42
514
679
312
235
672
145
363
663
555
200
557
581
14
206
674
285
588
450
649
185
76
690
687
31
404
60
438
629
369
412
504
382
310
682
412
88
35
734
480
637
452
183
49
279
281
506
551
9
522
440
744
392
237
120
533
339
558
219
20
16
210
712
717
535
190
463
474
737
292
26
165
662
308
400
245
271
174
727
63
246
591
664
213
315
648
10
246
446
340
638
531
743
696
535
443
261
174
324
452
44
201
347
219
118
9
587
212
696
200
235
538
283
500
463
494
306
475
451
748
612
93
691
64
713
328
120
120
620
368
193
169
223
593
174
193
658
294
657
189
75
644
259
367
333
221
160
449
313
742
651
321
553
650
512
567
445
16
67
674
229
652
247
169
565
711
91
97
1
412
487
236
26
715
525
509
697
417
198
471
581
563
319
200
89
114
714
220
279
255
325
664
586
70
543
68
275
203
68
512
274
232
482
597
46
470
252
481
422
217
374
366
546
82
222
498
523
578
148
679
423
380
244
288
387
64
24
373
563
416
294
557
224
177
229
550
686
402
516
667
514
20
738
124
172
428
422
366
186
526
182
288
560
389
213
395
472
21
633
132
17
23
709
150
729
255
646
387
471
725
388
714
324
576
466
113
13
581
559
709
245
287
748
566
586
563
662
628
265
346
100
157
461
176
577
513
187
138
732
317
427
316
135
724
143
570
104
97
443
51
458
584
255
50
138
633
322
593
567
172
292
313
239
443
520
297
61
519
451
318
112
228
143
605
528
339
481
128
556
514
748
633
91
577
105
574
55
88
703
124
517
499
112
23
199
10
205
151
450
564
229
622
465
674
450
699
14
275
667
345
700
262
190
645
300
238
621
507
6
430
289
483
269
564
255
391
583
720
71
565
744
446
345
574
155
405
133
540
470
282
39
281
442
285
576
561
348
720
2
63
559
396
720
356
491
741
694
610
53
713
471
285
521
617
743
249
710
90
155
126
376
527
596
573
304
144
318
743
122
330
407
731
243
686
606
414
464
492
382
345
35
51
21
115
137
426
621
614
550
115
378
488
616
530
628
547
80
278
521
95
146
85
487
416
404
740
484
399
477
425
651
278
269
461
570
19
684
39
171
574
606
269
424
731
159
123
249
744
39
405
199
430
487
165
414
105
301
503
501
675
704
386
304
215
572
574
259
626
184
381
374
25
115
697
82
134
373
749
58
197
630
447
748
165
408
714
553
328
599
18
416
658
567
402
282
81
665
633
316
261
638
600
200
693
152
96
355
98
212
355
141
276
266
328
551
398
448
157
30
154
318
609
286
386
284
596
432
518
456
628
321
8
313
520
716
583
434
42
432
262
591
570
359
369
694
240
307
509
491
468
556
658
297
152
59
417
661
340
322
281
612
246
550
644
714
21
565
611
446
339
413
42
373
483
573
613
538
640
234
639
52
233
359
225
658
146
119
641
27
506
588
361
392
530
320
515
274
162
377
167
169
720
485
368
696
311
316
676
370
310
664
513
317
350
381
686
26
284
51
171
686
453
659
686
332
360
640
92
80
98
143
658
30
60
560
440
285
118
665
17
721
295
71
707
152
390
398
319
625
548
134
400
625
716
562
615
497
413
544
279
674
60
343
41
104
691
358
263
388
153
539
508
336
695
476
489
13
101
218
413
528
523
621
259
375
307
510
656
327
563
543
301
557
70
498
687
215
138
583
729
715
558
454
507
663
147
731
79
440
240
353
419
349
650
442
227
3
734
700
381
657
133
402
675
159
511
342
168
730
20
561
632
518
412
449
265
250
236
593
134
49
668
276
562
73
343
282
488
111
200
31
536
23
594
393
128
44
372
618
191
372
676
230
195
667
58
246
10
15
704
627
356
554
432
613
695
602
334
309
353
229
709
726
413
274
67
527
147
658
216
698
264
491
397
559
367
647
277
636
615
483
61
653
375
273
258
186
655
636
654
474
40
518
280
704
638
551
144
458
133
479
79
489
94
599
331
230
325
310
199
213
96
474
440
478
53
345
516
413
369
499
667
10
465
657
436
288
562
581
8
420
378
298
4
177
679
691
593
203
730
47
225
627
92
22
179
429
392
119
581
651
579
324
404
11
423
223
635
408
350
578
410
144
389
150
302
377
190
458
60
384
232
394
186
549
345
268
473
43
320
591
309
624
207
407
138
730
247
420
569
296
81
477
28
566
406
207
106
601
140
705
656
518
653
458
267
688
675
45
734
679
598
55
332
32
186
123
596
11
247
676
11
490
183
86
171
616
562
213
615
654
79
567
277
403
485
709
8
690
159
18
169
614
51
747
32
395
479
495
121
514
239
2
390
158
274
36
361
509
467
607
575
209
60
120
594
675
267
152
495
479
272
721
565
629
750
670
309
17
547
4
571
25
473
543
85
449
201
184
113
336
117
563
312
175
425
599
108
134
126
596
708
432
338
98
194
608
331
296
413
315
370
143
656
282
247
198
732
597
323
575
501
260
150
567
685
568
589
486
484
464
163
399
72
388
422
331
497
658
421
587
530
88
90
290
351
634
529
612
650
528
534
300
179
118
634
587
425
665
159
433
532
318
582
407
690
552
451
492
19
380
465
340
150
62
14
473
116
213
187
553
60
268
677
695
535
431
509
739
257
245
144
2
750
444
708
657
344
392
72
42
232
607
174
400
340
695
705
303
50
241
76
564
285
223
685
442
347
269
645
296
589
288
139
18
560
351
54
400
388
239
260
581
543
291
666
575
475
674
26
338
515
338
529
45
15
251
571
216
470
136
626
558
594
169
156
492
211
442
172
749
691
708
89
302
339
387
383
390
102
389
23
146
625
19
315
182
687
190
307
81
157
77
394
586
176
550
274
390
738
742
437
114
249
268
79
344
27
233
547
160
725
401
247
373
103
91
702
132
25
134
26
746
204
479
509
176
146
142
621
317
385
194
560
692
231
327
640
420
578
481
28
474
541
648
667
571
313
486
304
231
513
175
386
692
684
570
292
249
275
384
217
670
421
435
167
162
200
360
43
562
714
230
604
16
53
682
283
180
146
379
133
312
532
187
494
382
93
15
398
145
446
206
586
179
429
282
531
219
543
208
639
345
147
346
238
379
488
152
725
637
153
563
402
441
511
583
387
410
244
619
111
214
709
541
431
447
660
744
30
181
377
424
445
208
456
122
133
706
85
659
74
575
734
67
1
274
563
539
732
633
442
289
444
640
362
176
286
724
705
747
480
75
650
103
64
546
373
314
542
316
2
645
329
731
68
242
170
427
552
654
594
377
414
109
199
370
202
27
373
316
613
64
511
313
746
512
219
77
491
548
344
654
65
435
373
742
128
386
623
498
541
160
742
130
494
103
241
615
319
137
110
450
153
112
508
232
614
525
431
324
504
688
285
568
544
378
29
425
316
726
192
202
390
377
107
264
244
323
144
743
510
464
712
448
169
711
561
308
693
156
240
119
459
681
323
284
405
533
497
673
316
242
652
438
408
455
108
240
227
590
166
80
611
110
193
55
489
426
176
69
291
748
741
657
69
221
372
204
351
153
372
650
443
435
430
512
67
92
423
715
203
92
597
117
721
662
92
257
446
200
565
359
543
526
395
612
666
390
709
314
255
340
517
217
655
610
172
94
195
234
249
202
593
723
120
136
170
43
519
224
699
307
138
730
106
727
394
239
699
697
703
723
240
352
151
463
60
580
56
458
552
450
626
604
311
522
10
282
180
491
56
715
153
311
161
337
282
74
448
304
263
626
736
194
427
541
429
124
8
5
25
362
233
392
650
9
436
499
155
100
387
105
257
75
618
577
191
495
11
727
64
183
499
380
255
729
202
734
253
594
488
41
182
733
524
597
51
143
208
571
238
690
49
337
215
323
122
301
360
559
341
600
683
415
615
428
638
276
408
522
476
259
737
266
347
1
162
97
121
636
638
351
533
561
738
557
467
602
572
388
634
197
186
695
68
204
485
608
76
653
436
220
431
48
135
559
631
663
193
743
413
439
106
114
230
427
278
215
220
738
346
92
730
705
208
423
494
457
51
551
475
303
145
72
555
682
512
385
465
519
192
707
644
288
598
708
110
555
299
632
733
521
367
55
585
198
731
654
441
646
73
51
192
525
273
427
545
59
574
227
697
729
684
238
645
659
429
41
120
5
612
513
527
373
715
624
169
481
439
469
645
53
321
677
65
288
608
350
341
535
665
434
335
156
524
405
675
555
590
486
513
603
263
59
13
563
454
627
438
239
20
353
261
611
202
173
61
79
289
667
46
76
327
195
342
640
299
678
743
332
492
152
359
373
479
416
466
482
119
220
188
423
717
342
145
453
495
717
459
523
745
738
43
329
660
255
375
219
361
164
303
572
438
697
255
240
224
611
98
178
307
110
715
731
639
734
669
659
431
467
218
383
144
684
720
4
501
434
293
622
615
534
1
48
504
604
74
312
403
587
708
40
572
481
497
652
148
593
5
733
498
202
339
64
562
291
69
595
372
56
298
66
442
749
395
266
749
190
41
357
605
736
715
264
682
319
398
211
546
314
270
255
442
5
395
235
473
54
278
365
588
214
693
725
579
429
697
683
245
502
221
314
705
406
4
213
190
715
596
528
359
675
297
694
246
541
101
35
207
646
532
366
699
552
367
235
630
332
667
202
133
381
504
482
30
206
708
455
99
234
432
49
610
605
151
123
560
591
553
582
669
91
39
70
551
299
24
442
122
434
128
410
558
620
291
51
24
687
651
134
16
608
46
596
324
347
596
232
229
69
487
563
699
744
394
526
192
200
104
482
189
744
344
182
267
47
35
629
615
236
47
27
696
603
388
663
46
245
104
749
313
101
581
619
156
619
381
84
476
479
571
514
684
67
8
349
203
713
601
139
327
362
327
553
196
56
591
508
343
175
650
238
516
303
524
106
57
473
57
717
215
697
423
346
307
679
147
451
587
610
495
218
383
40
358
508
312
96
720
685
378
621
281
483
710
79
587
175
407
242
430
165
163
655
726
660
527
343
597
327
235
27
481
319
155
566
423
43
43
194
664
264
487
59
538
744
219
420
350
537
678
81
569
21
365
165
531
202
379
241
705
742
241
501
281
428
144
160
152
217
264
742
438
315
374
637
268
80
321
92
733
169
294
548
108
490
370
710
438
616
736
264
130
685
505
555
28
147
642
376
539
113
214
703
124
624
28
509
196
265
61
306
344
686
611
287
572
412
229
63
189
696
428
56
685
553
547
602
294
256
566
269
718
574
311
106
138
569
72
412
55
216
22
669
492
319
602
188
414
61
537
495
714
161
586
228
29
537
634
666
682
85
2
103
511
723
101
144
88
328
127
167
304
284
551
727
36
432
592
690
342
425
300
155
547
56
317
284
129
180
441
462
108
226
705
389
38
514
592
372
235
506
725
535
422
168
438
492
107
233
33
625
695
400
206
556
504
653
53
417
396
724
717
217
133
337
251
630
402
116
4
27
381
297
602
341
626
732
566
202
644
520
518
63
561
428
294
434
569
178
158
453
455
668
463
551
531
242
66
190
522
514
611
316
16
274
167
450
252
88
322
220
20
514
331
574
204
326
571
737
140
303
564
619
119
675
47
445
311
176
103
503
47
507
448
55
653
668
64
263
540
352
236
183
145
259
56
382
46
481
264
172
576
570
618
501
564
465
519
74
116
333
357
439
608
381
103
623
110
740
564
509
398
550
330
565
696
31
643
146
648
656
447
299
519
252
507
728
353
497
271
233
389
504
489
739
727
129
59
604
656
409
56
539
440
556
130
205
463
697
8
683
14
374
372
551
111
653
425
733
630
364
144
427
533
31
546
686
675
399
408
745
259
57
135
312
536
669
632
676
610
580
697
443
263
403
129
534
516
58
119
437
26
745
125
137
240
314
373
622
682
687
607
502
350
619
342
228
663
530
358
170
20
305
62
446
155
219
48
207
422
355
27
137
729
448
250
528
146
624
521
402
227
497
116
65
34
45
9
308
453
537
285
605
564
227
398
474
21
750
536
334
601
668
215
526
681
226
634
446
408
380
710
124
277
732
665
209
373
168
40
6
223
597
715
386
381
173
156
310
155
343
634
383
458
79
684
472
32
702
402
165
653
140
631
556
706
165
510
163
270
429
134
533
282
695
677
83
185
503
714
553
230
33
592
678
356
227
442
555
540
574
117
620
140
376
118
523
584
418
211
321
424
737
87
198
668
556
485
402
365
137
153
331
452
391
497
434
504
645
740
557
318
142
495
301
338
506
660
70
227
369
550
242
401
605
136
408
276
176
201
120
651
360
19
373
468
333
658
